374

nigra Ι 5, 30. nigris I 6, 27 . ΙΙ 4,

nihil Ι 7, 9. 10, 52. ΙΙ 1, 79. 3, 92.
116. 4, 16. †6, 4. 8. 57. 8, 57. 94.
†E Ι 2, 46. 15, 16. 16, 53. ΙΙ 1,
49. 65. (bis). 2, 16. 71. 151. A 122.
237. 385. nil Ι 1, 40. 49. 62. 2, 28.
57. 77. 94. 101. 3, 9. 17. 18. 4, 13.
5, 20. 44. 64. 6, 89. 9, 14. 15. 16.
19. 50. 59. 10, 19. 53. 11 1, 54. 2,
29. 3, 4. 6. 42. 103. 138. 188. 4,
26. 5, 69. 6, 4. 53. 7, 102. 111. 8,
36. Ε Ι 1, 61. 88. 6, 1. 66. 68. 8,
8 (bis). 12, 5. 15. 23. 15, 33. 41
(bis). 18, 59. II 1, 17 (bis). 31. 83.
206. 264. A 140. 285. 304. 306.

nihilum ΙΙ 3, 54. 210. 8, 41. nihilo
Ι 1, 48. ΙΙ 3, 52. 56. 270. Ε II 2,
153. nilo Ι 5, 67.

nimirum II 2, 106. 3, 120. E Ι 9, 1.
14, 11. 15, 42. II 2, 141.

nimis ΙΙ 1, 1. Ε Ι 5, 29. 7, 91. ΙΙ
1, 66. 2, 122. A 205.

nimium II 5, 88. E. Ι 5, 13. 7, 48.
A 28. 246. 261. 271. nimio Ε Ι
10, 30. II 1, 198.

nisi Ι 2, 28. 30. 3, 85. 87. 134. 4,
47. 73. 5, 79. 7, 14. ΙΙ 1, 18. 52.
78. 2, 15. 58. 3, 285. 4, 26. 87. 5,

8. 6, 5. 8, 34. Ε 1 1,108. 2, 5. 54. ·

62. 5, 27. 12, 23. 16, 40. 19, 7. ΙΙ
1, 21. 49. 83. 115. 2, 100. A 191.

niteo nitet ΙΙ 5, 12. Ε Ι 10, 19. 111.-
tent A 351. nitentis ΙΙ 2, 4. niten-
tia Ε Ι 6, 25. nituistis II 2, 128.

nitescere A 150.

nitidus ΙΙ 1, 64. nitidum Ε Ι 4, 15.
nitidam ΙΙ 3, 214. nitido Ε Ι 7, 83.
nitidi Ε Ι 14, 32. nitidis E Ι 15,

nitor nitere E Ι 13, 18. niti A 280.

niualem ΙΙ 6, 25. niuali E Ι 3, 3.
niualibus Ε Ι 11, 18.

niueos Ι 2, 80.

niso niue Ι 2, 106. ΙΙ 3, 234. 5, 41.
niues (aco.) Ε Ι 7, 10.

no nabis Ι 4, 120.

nobile (nom.) ΙΙ 3, 243. (acc.) A 137.
nobilium Ε Ι 19, 39. nobilibus (abl.)

nocet Ε Ι 2, 55. noceat II 1, 44.
noceant ΙΙ 2, 72. nocere Ε Ι 18,
31. nocendi A 284. nocentis Ι 8,
22. nocebit Ε Ι 1, 26. nocuere
ΙΙ 8, 41. Ε Ι 8, 11. nocuisset Ε 11

noctu Ε ΙΙ 2, 27.

nocturnus Ι 3, 117. nocturnam Ι 5,
85. nocturni ΙΙ 4, 52. Α 269. noc·

INDEX VERBORVM

turno Ε I 19, 11. nocturni 11 6,
100. nocturnos Ε Ι 18, 93. ΙΙ 2, 79.
nodosi 11 3, 70. nodosi Ε Ι 1, 31.
nodus A 191. nodo Ε Ι 1, 90.
11011111 Ι 2, 35. nolis Ι 4,140. Ε Ι 1,
31. nolit12,5.10.106. A463.
nolint Ι 1, 19. 2, 28. 11011 Ε I 16,
69. 18, 28. nolito A 427. nollem Ι
6, 97. 99. nollet Ε Ι 17‚14.II 1,
153. noles Ε Ι 2, 34. 7, 25. noluit,
I 6, 72.
nomen Ε Ι 17, 41. A 400. nominis
Ι 4, 44. nomen I 2, 126. 3,, 42. Π
1, 66. 3, 47. 4, 10. Ε Ι 6, 15. 7,
93. 16, 12. †11 1, 16. A 59. 253.
299. nomine Ι 1, 69. 2, 65. 9, 3.
ΙΙ 2, 133. Ε Ι 7, 55. 16, 31. 110-
mina Ι 2, 16. 3, 104. Ε Ι 6, 50.
Α 58. 234. nomim'bus Ε ΙΙ 1, 105.
Nomentanus Ι 1, 102. ΙΙ 8, 23. 25.
60. Nomentano Ι 8, 11. Nomenta-
num ΙΙ 1, 22. 3, 175. 224.
nomisma Ε ΙΙ 1, 234.
non Ι 1, 35. 37. 46. 54. 84.. 87. 95.
97. 103. 121. 2, 17. 20. 22. 34. 38.
49. 60. 75. 119. 3, 5. 33. 44. 62.
77. 121. 126. 4, 35 (bie). 54. 60.
70. 74. 82. 84. 114. 136. 5, 33. 80.
87. 91. 101. 6, 1. 14. 21. 22. 24.
49. 52. 58 (bis). 64. 84. 90. 91.
119. 124. 127. 7, 14. 19. 34. 8, 17. ’
44. 9, 17. 19. 22. 23. 41. 48. 57.
10, 3. 7. 34. 54. 55. 76. ΙΙ l, 6.
19. 45. 2, 4. 19. 62. 65. 89. 102.
105. 113. 116. 120. 3, 1. 36. 60. 69.
106. 135. 139. 158. 159. 161. 164.
189. 204. 207. 259. 260. 261. 264.
265. 267. 301. 319. 320. 323. 4, 1.
29. 31. 36. 43. 66. 91. 93. 94. 5,
4. 59. 91. 6, 1. 32. 59. 71. 108.
7, 21. 25. 26. 36. 56. 64. 72. 78. 92.
93.. 112. 8, 4. 48. 49. 56. 82. 87.
92. Ε Ι 1, 4 (bis). 19. 28. 29. 32.
39. 48. 66. 71. 89. 2, 3. 35. 47 (bic).
49. 58. 59. 3, 10. 21. 22. 4, 6. 11.
14. 5, 12. 16. 19. 20. 21. 23. 6, 29.
45. 62. 7, 14. 17. 41. 44. 52. 61.
68 (bis). 78. 10, 26. 29. 38 (bis).

42. 46. 50. 11, 26. 27. 30. 12, 2. ”

4. 14, 13. 18. 27. 36. 37. 38. 15,
11. 28. 29. 39. 16, 47. 48. 56. 65.
66. 17, 27. 29. 31. 35. 36. 37. 61.
18, 16. 17. 26. 53. 72. 78. 19, 10.
22. 25. 32. 37. 39. 20, 5. 6. 9. 14.
ΙΙ 1, 9. 30. 53. 69. 76. 88. 101.
115. 120. 122. 174. 224. 231. 2, 13.
25. 48. 52. 58. 63. 134. 139. 143.
150. 179. 182. 192. 201. 202. 205.
A 12 (bis). 19. 36. 50. 89. 99. 122.

