INDEX VERBORVM

Ι 5, 43. quantas E ΙΙ 1, 118. quanta
II 2, 70. quantum (adu.) Ι 8, 19.
46. ΙΙ 5, 80. E Ι 1, 28. 7, 96. ΙΙ 1,
257. 2, 42. 193. 194. A 371.

quare I 2, 77. 9, 53. ΙΙ 2, 103. 3,
46. 126. 176. Ε II 2, 96.

quart-,ana II 3, 290.

quartus quarta A 192. quartae II 5,
100. quartam Ι 6, 122. -ᾳιιεῑι-ῢᾶ Ι 5,
23. 9, 35. A 258.

quanm quassi ΙΙ 5, 36.

quatenus I 1, 64.· 3, 76. II 4, 57.

quater II 3, 1. 7, 76. Ε Ι 20, 27.

quaternos Ι 4, 86.

quatit E ΙΙ 2, 84. quatient E I 10, 31.

quattuor I 3, 8. 5, 86. E II 1, 189.

-que I l, 9. 29. 76 (bis). 83. 89. 32.
105. 107. 110. 2, 6. 39. 45. 50. 53.
56 (bis). 65. 66. 71. 73. 80. 85. 104.
110. 116. 119. 123. 3, 24. 52. 59.
62. 78. 97. 103. 104. 112. 115.
131. 135. 141. 142. 4, 1. 7. 17. 37.
58. 61. 66. 69. 72. 73. 75. 83. 90.
96. 97. 109. 115. 117. 118. 120. 127.
5, 14. 19. 20. 22 (bis). 24. 32. 36.
40. 46. 48. 52. 69. 75. 85. 98 (bis).
104 (bix). 6, 18. 20. 25. 43. 44. 61.
74. 78. 89. 91. 109. 113. 115. †126.
129. 131. †7, 7. 23. 24. 28. 8, 3. 5.
7. 11. 17 (bis). 22. 24. 35. 39. 42.
50 (bis). 9, 4. 55. 10, 27 (bis). 36.
40. 63. 67. 81. 85. 90. ΙΙ 1, 3. 9.
22. 25. 50. 68. 69. 75. 83. 2, 3. 4.
21. 42. 46. 49. 70. 75. 84. 95. 109.
110. 136. 3, 3. 7. 16. 24. 32. 55.
57. 95. 109. 110. 115. 125. 130. 131.
144. 146. 157. 162. 171. 182. 195.
200. 208. 216. 266. 271. 288. 294.
4, 3 (bis). 65. 68. 77. 85. 88. 92. 5,
4. 6. 22. 30. 57. 63. 68. 69. 77. 99.
102. 110. 6, 15. 17. 19. 21. 27. 58.
60. 63. 65 (bis). 66. 76. 85. 89. 92.
100. 104. 108. 110. 113. 116. 7, 31.
35. 41. 44. 54. 58. 66. 68. 69 75.
76 (bie). †83. 90. 94. 96. 99. 108.
113. 115. 8, 12. 40. 65. 70. 76. 82.
Ε Ι 1, 17. 20. 23. 24. 26. 27. 33.
43. 44. 55. 56. 57. 79. 81. 2, 10. 20.
24. 28. 44. 3, 3. 5. 15. 4, 5. 7. 12.
5, 5. 10. 13. 15. 26 (bis). 27. 6,2. 14.
17. 25. 36. 38. 53. 59. 61. 65. 66.
7, 3. 5. 8. 12. 30. 37 (bis). 46. 58.
77. 78. 89. 90. 91. 94 (bis). 97. 8,
2. 5. 14. 9, 4. 13. 10, 5. 7. 10. 13.
23. 36. 11, 1. 9. 11. 12, 5. 13. 27.
13, l. 4. 8. 17. 19. 14, 8. 19. 27.
32. 38. 15, 6. 9. 17. 20. 24. 31. 16,
20. 21. 25. 30. 35. 38. 41. 42. 49.
50. 61. 70. 72. 74. 17, 7. 10. 11. 29.
51. 57. 18, 6. 8. 23. 38. 45. 46. 50.

389

59. 68. 81. 89. 90. 98. 19, 4. 8. 13.
14. 16. 24. 34 (bis). 36. 20, 1. 23.
II 1, 7. 11. 16. 20. 21. 37. 45. 49.
61. 64. 72. 75. 79. 88. 89. 92. 97.
102. 109. 117. 126. 139. 147.- 153.
155. 160. 167. 182. 184. 190. 204.
230. 235. 247. 249. 252. 253. 255.
262. 2, 1. 5. 47. 50. 58. 64. 66. 72.
82. 92. 120. 121. 126. 130. 136. 137.
144 (bis). 145. 156. 193. 198. 209.
A 11 (bis). 27. 28. 37. 46. 51. 52.
54. 55. 58. 62. 63. 65. 70. 73 (bis).
80. 83. 86.. 87. 94. 113. 123. 128. 130.
132. 145. 157. 162. 165. 166. 171.
172. 174. 177. 178. 183. 193. 196.
199. 200. 202. 203. 207 (bis). 209.
211 (bds). 212. 214. 215. 218. 224.
235. 239. 241. 242. 247. 255. 261.
265. 274. 277. 278. 280 (bis). 283.
299. 307. 311. 317. 319. 321. 322.
336. 344. 349. 358. 377. 380. 384.
388. 391. 393. 402. 405. 413. 415.
425. 440. 444. 452. 455. 456. 463.
466. 474. 475.

queo quis II 7, 92. queam ΙΙ 4, 95.
5, 2. queas ΙΙ 5, 10. Ε Ι 18, 97.
queat Ι 3, 15. queamus Ι 1, 119.

quereus Ε Ι 16, 9.

querimonia A 75.

querella} A 98. querellas E Ι 12, 3.

queror quereris Ε II 2, 24. queritur
Ε Ι 7, 49. 17, 53. quel-amr ΙΙ 3,
55. questus I 6, 87.

querulus A 173.

qui (rem.) I 1, 11. 16. 23. 28. 49.
59. 81. 117. 2, 25. 49. 56. 3, 4. 9.
10. 69. 73. 80. 87. 116. 117. 124.
4, 81. 82. 83. 84. 85. 88. 5, 92. 6,
15. 17. 34. 63. 71. 83. 120. 7, 6.
34. 9, 46. 55. 62. [10, 5. 6.] ΙΙ 1,
45. 65. 2, 108. 110. 3, 40. 53. 96.
100. 109. 143. 158. 208. 221. 236.
281. 288. 298. 4, 15. 22. 55. 5, 15.
29. 6, 9. 11. 7, 16. 20. 79. 81. 83.
109. 110. 8, 25. Ε Ι 1, 7. 65. 68.
2, 3. 19. 40. 41. 51. 59. 62. 3, 10.
4, 9. 5, 25. 6, 9. 50. 51. 56. 58. 7,
96. 10, 26. 29. 39. 11, 11. 12. 14,
13. 20. 15, 28. 29. 16, 28. 33. 41
(bis). 65. 66. 67. 17, 10. 15. 37. 38.
48. 53. 18, 53. 56. 65. 81. †111. 19,
22. 20, 15. II 1, 10. 13. 36. 39. 40.
44. 48. 86. 111. 115. 182. 211. 233.
238. 2, 11. 40. 109. 124. 129. 131.
133. 135. 160. 182. 187. A 15. 21.
29. 140. 142. 158. 220. 302. 312.
343. 356. 357. 379. 382. 412. 414.
419. 422. 460. 467. quae Ι 1, 36. 2,
121. 3, 8. 14. 118. 4, 141. 5, 45. 51.
6, 26. 8, 31. 32. 9, 54. II 2, 73. 94.

