INDEX VERBORVM

5'7. 58. 2, 11. 13. 87. 88. 5, 39. 40.

6, 69. το. Ε 1 3, 23 sq. (ter). 33.

12, 21. A 426.

seuerus E Ι 5, 13. seuero Ε Ι 18,
42. seuerum A 107. seueri E ΙΙ 1,
109. seueris Ε Ι 19, 9. Α 216.

sex E I 1, 58.

sextarius Ι 1, 74.

Sextilem E Ι 7, 2. Sextili Ε Ι 11,

81 I 1, 15. 43. 46. 54. 57. 80. 87. 88.
90. 2, 7. 23. 49. 68. 74. 84. 87. 96.
116. 120. 3, 5. 6. 44. 46. 71. 72. 80.
94 (bis). 112. 123. 124. 140. 4, 3.
14. 41. 53. 55. 57. 60. 67. 91. 93.
102. 103. 104. 116. 140. 5, 102. 6,
21. 30. 42. 65. 66. 68. 70. 79. 86.
93. 105. 130. 7, 15. 16. 8, 37. 9,
22. 34. 38 (bis). 10, 59. 68. 89. ΙΙ
1, 6. 10. 20. 31. 32. 49. 82. 83 (bis).
84. 2, 10. 51. 55. †3‚1 1. 10. 33. 41.
66. 67. 74. 92. 104. 106. 111. 115.
117. 125. 127. 128. 159. 189. 214.
219. 241. 249. 250. 259. 264. 268.
270. 290. 319. 322. 4, 17. 27. 49.
51. 52. 5, 17. 24. 27. 31. 45. 49.
61. 70. 81. 87. 93. 103. 106. 6, 6.
8 (bis). 10. 13. 31. 39. 55. 78. 7,
24. 29. 39. 42. 98. 102. 8, 4. 21.
25. 58. 71. 72. 90. 92. Ε Ι 1, 32.
40. †58. 60. 66 (bis). 84. 85. 89. 94.
95. 96. 2, 24. 34. 35. 38. 50. 3, 18.
29 (bis). 5, 1. 6. 12. 6, 13. 16. 28.
30. 41. 47. 49. 56. 65. 67. 68. 7, 3.
13. 18. 32. 34. 39. 70. 93. 8, 3. 15.
10, 12. 31. 43 (bis). 11, 15. 25. 30.
12, 2. 5 (bis). 7. 12. 22. 13, 3 (ter).
6. 14, 29. 15, 40. 16, 5. 8. 9. 15.
17. 21. 25. 33 (bis). 36. 46. 17, 3.
4. 6. 7. 8. 11. 13. 14. 26. 31. 50.
18, 1. 26. 57. 67. 80. 108. 19, 1.
12. 43. 20, 26. ΙΙ 1, 4. 28. 34. 64.
66 (bis). 73. 74. 80. 99. 125. 164.
180. 185. 194. 216. 222. 257. 2, 2.
16. 24. 95. 100. 108. 146. 149. 155.
156. 157. 158. 159. 178. 213. A 2.
20. 31. 35. 47. 48. 52. 56. 71. 87.
98. 102. 104. 112. 120. 125. 130.
131. 154. 249. 272. 290. 300. 327.
354. 361. 362. 378. 386. 422. 424.
436. 438. 442. 458. 461. 468. 473.
cf. quodsi.

sibilat Ι 1, 66.

sic Ι 1, 23. 66. 101. 113. 2, 36. 106.
3, 19. 41. 43. 132. 133. 4, 120. 128.
135. 5, 60. 69. ’6, 34. 92. 9, 53. 78.
10, 5. ΙΙ 1, 51. 2, 68. 3, 1. 85.
150. 300. 4, 4. 5, 53. 81. 85. 6, 22.
79. 8, 3. 36. 48. 60. 93. Ε Ι 1, 23.
71. 2, 51. 7, 69. 8, 17. 9, 10. 10,

399

39. 12, 8. 13, 12. 17, 18. 18, 11.
12. 41. ΙΙ 1, 23. 119. 157. 179 (bis).
2, 3. 139. 175. A 136. 151. 188.
214. 216. 236. 357. 377. 400. 410.
432. es. sicut.

sicarius Ι 4, 4.

siccat ΙΙ 6, 68.

siccus ΙΙ 2, 14. 3, 281. Ε Ι 17, 12.
siccis (dat.) Ε Ι 19, 9. (abl.) ΙΙ

Siculi (qen.) Ε ΙΙ 1, 58. A 463.
(nom.) E Ι 2, 58. Siculis Ε Ι
12, 1.

sicut Ι 1, 32. 9, 1. of. Ι 1, 101. 102.

Sidonio Ε Ι 10, 26.

sidus (acc.) Ι 7, 26.

sigilla Ε Ι 20, 3. ΙΙ 2, 180.

signat A 159. signatum (mas-e.) A
59. signata (ace.) Ε Ι 13, 2.

signi Ι 6, 126. signo ΙΙ 3, 23. si-
gnum A 447. signo Ε ΙΙ 2, 134.
signa Ι 5, 10. ΙΙ 4, 2. 6, 38. Ε
Ι 18, 56. II 1, 248. signis Ι 5, 88.

silentium silenti II 6, 58.

Silenus A 239.

sileo sileas II 5, 91.

siliquis Ε ΙΙ 1, 123.

silua ΙΙ 6, 116. Ε Ι 10, 22. siluae
ΙΙ 6, 3. siluam Ι 10, 34. siluae Ε
Ι 2, 45. Α 60. siluarum Ε Ι 14, 1.
siluis ΙΙ 6, 92. Α 30. siluas Ε Ι 4,
4. ΙΙ 2, 45. siluis II 3, 48. Ε Ι 2,
67. A 244.

Siluanum E ΙΙ 1, 143.

siluestrem Ε ΙΙ 2, 186. siluestris
A 391. siluestria ΙΙ 2, 57.

811111118 Ι 2, 107. 4, 69. II 5, 92.
A 254. simile ΙΙ 3, 31. similem
Ι 5, 57. ΙΙ 3, 63. simile Ι 4, 137.
ΙΙ 3, 99. 81111111 Ι 3, 123. Ε ΙΙ 1,
20. 8111111ῑ8 ΙΙ 1, 3. simillimus Ε ΙΙ

simius Ι 10, 18.

Simone A 238.

simplex Ι 3, 52. ΙΙ 2, 68. 73. 4, 64.
Ε ΙΙ 2, 193. A 23. 203. simplicior

simul I 1, 36. 58. 67. 5, 32. 10, 85.
86. ΙΙ 2, 73. 74. 3, 226. 4, 10. 6, 32.
63. 114. †8, 24. Ε Ι 6, 11. 7,
90. 10, 8. 50. 19, 10. ΙΙ 2, 49.
205. A 334.

simul ac I 1, 67. 2, 33. 4, 119. 8,
21. Ε Ι 13, 11.

simul atque Ι 2, 18. 9, 34. Ε Ι 16,
78. ΙΙ 1, 226.

simulo simulas ΙΙ 7, 56. simulet Ε

Ι 19, 13. simulare A 20. simulan-
tia Ε ΙΙ 1, 241.

