390

3, 265. 5, 81. Ε Ι 1, 63. 4, 14. 6,
2. 35. 10, 21. 23. 14, 25. 18, 7. ΙΙ
1, 153. Α 190. 305. 361. 364. quod
Ι 1, 43. 4, 51. 58. 6, 41. 44. 60.
123. 10, 22. 69. ΙΙ 2, 102. 6, 13. 27.
30. 72. 7, 3. 40. 78. 8, 12. 50. Ε Ι
1, 24. 2, 46. 4, 3. 8, 8. 15, 19 (bis).
20. 21. 35. 16, 17. 18, 17. 107. 108.
ΙΙ 1, 83. 115. 179. 264. 2, 52. 81.
172. Α 195. cuius ΙΙ 2, 59. Ε Ι 14,
25. Α 7. cui Ι 4, 43 (bis). 140. 5,
68. 6 106. 7, 30. 111, 20. 2, 56.
3, 118. 6. 43. ΕΙ1, 50. 51. 85. 2,
30.4.6 4,.9 6,.5354.64. 7,32.
10, 42. 12, 4. 14, 11. ΙΙ2, 139. 151.
Α 40. quem Ι 1, 35. 87. 2, 21. 117.
4, 55. 6, 46. 10, 63. ΙΙ 1, 41. 2, 34.
3, 43. 196. 222. 4, 92. 6, 42. 7, 76.
84. 88. 8, 93. Ε Ι 1, 93. 7, 33. 90.
10, 30. 14, 2. 32. 33. 34. 16, 57.
17, 25. 18, 21 (bis). 22. 23. 24. 79.
105. 19, 30. ΙΙ 1, 177. 201. 260. Α
72. 348. 358. 435. 453. 475. quam
Ι1,1. ΙΙ2,2887. 3,.,.68578
†E’212, 65. 7, 4. 14,44. 111,
259. quod Ι 1, 16. 94 (bis). 2,
84. 3,85. 126. 4, 11. 101. 108. 5,
87. 9, 19. 25. 30. 37. 10, 47. ΙΙ 3,
66. 76. 138. 141. 178. 190. 253. 4,
65. 69. 5, 84. 6, 109. 7, 25. 56. 8,
45. 53. E Ἰ 1, 73. 98 (bis). †2, 10.
60. 7, 94. 11, 17. 29. 17, 5. 39. ΙΙ
1, 49. 87. 92. 100. 101. 263 (bis).
2. 63. 64. 158. †A 23. 168. 292.
390. 418. quo Ι 4, 29. 122. 6, 15.
30. 8, 15. 9, 49. ΙΙ 3, 291. Ε Ι 2,
69. 7, 14. 16, 42. 43 (bis). 20, 28.
qua ΙΙ 1. 64. 4, 66. Ε Ι 2, 6. quo
Ι 2, 6. 85. 4, 56. 6, 124. 7, 11. ΙΙ
1, 32. 50. 2, 112. 3, 21. 34. 137. 5,
62. 6, 41. Ε Ι 2, 65. 6, 10. ΙΙ 2,
153. qui (nom. plur.) Ι 1, 30. 2, 28.
38. 4, 74. 75. 6, 4. 10, 21. ΙΙ 3, 47.
Ε Ι 1, 77. 6, 4. 11, 27. 15, 8. ΙΙ 1,
214. 2, 106. 182. A 38. 288 (bis).
431. 456. quae (sem.) Ι 8, 19. quae
(neutr.) Ι 2, 92. 100. 10, 38. 72.
ΙΙ 4, 87. 6, 46. 105. 7, 106. Ε Ι 1,
23. 36. 2, 38. 8, 11. 13, 17. 19, 3.
ΙΙ 2, 36. Α 70. 71. 181. quorum
Ι 4, 2. ΙΙ 4, 47. Ε Ι 15. 45. qua-
rum I 2, 29. quibus Ι 7, 11. 10,
16. 88. ΙΙ 1, 1. 8. 48. 4, 12. 38
(bis). Ε Ι 1. 20. Α 248. 347.
(111ῑε Ι 3, 96. 4, 72. 130. 5, 42. 9,
27. quos Ι 1, 89. 107. 3, 109. 134.
4, 24. 5, 78 (bis). 10, 17. 87.
ΙΙ 3, 129. 185. 8, 22. Ε Ι 1, 22.
79. 12, 1. ΙΙ 1, 42. quas Ι 2, 48.
6, 77. 107. ΙΙ 3, 96. Ε ΙΙ 1, 24.

INDEX VERBORVM

A 352. quae Ι 3, 102. 4, 56. 57. 5,
46. 9ο 5. ΙΙ 2, 2. 3, 322. 4, 23.
7, 45. 8, 80. Ε Ι 1, 12. 42. 47. 72.
2, 24. 4, 9. 7, 20. 8, 11. 10, 9.
14 19. 21. 17, 3. 18, 111. ΙΙ1,21..
70. 73. 82 (b’is). 84⁵. 208. 246. 2,’
117. 119. A 149181. 184. 277.⁴
quibus Ι 3, 103. 4, 81. 87. ΙΙ 5, 2.
ΕΙ1, 34. 111, 204. (1111811,75.
qm· (int’orroyatiu., or. directa) quae
117, 70. quo (masscst) 16, 29. EI
1, 90. 6, 8 (bis). (1115. ΙΙ 3, 301.
quo ΙΙ 3¹, 295. 7, 22. qui Ι 5, 43.-
quaeEIIl, 200. 2, 53. quosEII
1, 41. (11135 ΙΙ 6, 29. quae Ε Ι
3, 21. (or. obl.) quaeII2, 1. 4, 45.
6,76. 8, 5. ΕΙ15, 1. (1110(1ΕΙ
15,1. Α 314 (1118),(1111115 Ε Ι 7, 54.
quem Ι 1, 73. 2, 111. quo Ι 5, 53.
6, 36. Ε Ι 1, 13 (bis). 6, 8 (bic).
7, 54 (bis). 12, 25. 18, 53. 68.
Α 74. 313 (bis). qua ΙΙ 5, 10. Ε Ι
18, 97. quo Ι 4, 99. 7, 2. 8, 40.
ΙΙ 3, 21. 306. 4, 8. Ε Ι 8, 13.
17, 2. ΙΙ 1, 171. quae (sem.) Ε Ι
12, 16. Α 314. quorum Ε Ι 15, 2.
quae ΙΙ 2, 70. quibus E Ι 3, 1.
quTs ΙΙ 8, 18.
qui (adu.) Ι 1,
(quine). ΙΙ 2, 19. 3, 108. 241. 260.
275. 311. 7, 96. 105. Ε 1 6, 42. 16, .
63 (bis). ΙΙ 2, 90. Α 462.
quia Ι 1, 62. 3, 92. 6, 1. 47. 49. 9,
51. ΙΙ 2, 25.-36. 89. 3, 101. 4, 93.
7„ 25. 26. Ε Ι 1, 30. 74. ’8, 4.·6.
7. 10, 41. 12, 10. 11. ΙΙ 1, 28. 76.
77. 83. 84. 168. 2, 175. A 34. 295.
quj cumque ΙΙ 5, 51. ᾳυὶουωᾳιιθῚΙ
6, 51. Α 227 (bis). quaecumque
ΙΙ 7, 49. quodcumque ΙΙ 8, 12.
cuicumque Ε Ι 18, 31. quemcum-
qu'e ΙΙ 3, 43. quamcumque Ε Ι
11, 22. quodcumque Ι 1, 34. 4, 36.
ΙΙ 3, 312. Ε Ι 2, 54. 7, 60. A 188.
339. 350. quocumque Ε Ι 1, 66.
11, 24. quaecumque Ι 4, 130. ΙΙ 4,
62. Ε ΙΙ 2,111. quoscumque Ι 6,
95. ΙΙ 5,13. quaecumque ΙΙ 8, 75.
quidam’IL 64. 95. 2, 31. 45. 3, 22.
4, 136. 9 3.- quaedam Ι 10, 8. Α
362. quiddam Ι 15b105. quendam
1917 ΕΙ7 quidam14,
45. quaedam E 1510 1, 66. 2,159.
quibusdam Ι 10, 47. .
quidemIlo, 51. EI2, 13. 9, 7.
ΙΙ 1, 43. 219. ,
quidm' A 382.
quies Ε Ι 17, 6.

1. 3., 128. ιο, 21

