346 INDEX VERBORVM

101. 3, 5. 89. 156. 192. 220. 5, 19.
101. 6, 16. 70. 106. Ε Ι 6, 46. 7,
70. 18, 78. ΙΙ 1, 206. A 304. 353.

erigit ΙΙ 3, 150. erigimur ΙΙ 8, 58.
erectum Ε Ι 1, 69.

erilis ΙΙ 7, 60. eril'ss *Ε ΙΙ 2, 6.

eripias 1 4, 57. eripe ΙΙ 7, 91. eri-
pere A 423. eriperem II 3, 206.
eriperet Ι 9, 65. eripiam ΙΙ 2, 23.
eripiet ΙΙ 5, 35. E Ι 6, 53. eripuere
Ε ΙΙ 2, 56.

errat E ΙΙ 1, 65. A 457. erret II 3,
210. errent E Ι 12, 17. errare Ι 8,
35. erraremus Ι 3, 41.

erro (suhart.) ΙΙ 7, 113.

error ΙΙ 3, 49. 51. Ε ΙΙ 1, 118. 2,
140. Α 308. 454. errori Ι 3, 42. ΙΙ

erucas ΙΙ 8, 51.

eruet Ε ΙΙ 2, 115.

eruom eruo II 6, 117.

erus ΙΙ 8, 16. 43. eri Ε Ι 1, 85.
erum ΙΙ 2, 129. Ε Ι 16, 2. ere ΙΙ
3, 265.

esca ΙΙ 8, ὅ. escae II 2, 72.

Esquilias ΙΙ 6, 33. Esquiliis Ι 8, 14.

esseda Ε ΙΙ 1, 192.

esuriens Ι 2, 115. 3, 93. ΙΙ 3, 113.

et Ι 1, 37. 41. 55. 71. 93. 118. 2,
49. 54. 99. 107. 108. 113. 126. 132. 3,
13. 14. 20. 24. 31. 41. 45. 50. 63.
86. 98. 100. 101. 105. 117. 122. 125
(ter). 136. 139. 4, 18. 22. 36. 51.
58. 66. 68. 79. 90. 93. 98. 121. 124.
130. 5, 10. 36. 40. 43. 46. 49. 53.
57. 58. 78. 86. 95. 6, 16. 17. 28. 29.
31. 35. 37. 42. 61. 64. 69. 70. 88. 97.
101. 102. 115. 116. 7, 19. 30. 8, 27.
30. 39. 41. 43. 44. 45. 9, 5. 19. 36.
40. 42. 44. 55. 61. 62. 63. 64. 65.
75. 76. 10, 8. 11. 15. 19. 22. 58. 65.
66. 70. 71. 81. 82. 83. 86. 87. ΙΙ 1,
1. 23. 40. 42. 46. 47. 61. 64. 71. 72.
73. 77. 2, 1. 5. 16. 26. 57. 58. 63.
87. 98. 115. 122. 3, 9. 27. 30. 38.
43. 44. 56 (bis). 73. 92. 97. 98. 106.
107. 142. 146. 159. 165. 170. 172.
178. 181. 183. 188. 192. 198. 203.
213. 218. 224. 231. 232. 244. (bis).
261. 269. 279. 282. 309. 311. 313.
4, 1. 13. 28. 29. 38. 40. 42. 45. 53.
58. 73. 74. 84. 5, 13. 21. 23. 24. 44.
52. 68. 90. 97. 100. 103. 6, 2. 3. 14.
16. 28. 29. 32. 34. 39. 43. 46. 47.
61. 73. 76. 82. 85. 116. 7, 1. 3. 6.
23 (bis). 26. 36. 40. 67 (bis). 86. 93.
100. 101. 113. 8, ll. 20 (bis). 35.
77. 88. 89. 91 (bis). 92. E Ι 1, 2. 9.
10 (bis). 11 (bis). 12. 16. 19. 34.
35. 41. 47. 48 (bis). 49. 57. 69

(bis). 78. 84. 99. 104. 2, 4. 8. 12.
15.16.17.2o.23.25.27.30.34.
36. 43. 45. 47 (bis). 51. 60. 3, 8.
11. 14. 16. 22. 28. 32. 4, 9(13cs).
11.1215.,....’..‚57891427306
2. 3 (his). 6. 7. 8. 14. 17 (bie). 20’
22. 27 31. 36 37 (bu). 47 49.
51. 7, 7. 8. 9. 11. 13. 2ο (lm . 21.
22. 27. 46. 53. 55. 58. 59 (bis . 63.
66. 67. 75. 79. 84. 85. 95. 8, 1. 3.
13. 9, 2. 3. 13. 10, 4. 7. 8. 25. 33.
11, 3. 4. 9. 13. 17. 21 (bis). 25. 12,
8. 14. 15. 17. 19. 21. 22. 23. 13, 9.
14, 1. 2. 5. 6. 9. 15 (bis). 16. 19
(bis). 20. 21. 22. 23. 26. 28. 35. 39.
42 (bis). 15, 2. 3. 8. 9. 10. 18. 23.
31. 33. 35. 39. 42. 44. 45. 16, 3. 4.
9 (bie). 26. 32. 39. 40. 43. 44. 49.
51. 57. 62. 68. 73. 76. 17, 1. 6. 16.
19. 23 (bis). 30. 32. 33. 34. 40. 41.
42. 47. 49. 51. 53 (bi-5). 54. 18, 6.
9. 10. 12. 17. 24. 25. 27. 28. 33.
47. 50 (bis). 55. 57. 58. 68. 71. 78.
85. 96. 99. 103. 109. 111. 19, 12.
25. 27. 29. 38. 39. 40. 42. 43. 46.
47. 48. 49. 20, 3. 4. 7. 20. Π 1, 1.
5 (ιη-ε). 18. 21. 22. 33. 46. 48. 52.
53. 60. 72. (τ 73). 74. 78. 84. 86.
94. 103. 108. 110. 112. 113 (bis).
118. 123.124 129 (ωε). 131.134.
141. 142 (wis). 144.149.156.158.
162.163 (bis). 165 (bis).166.183.
184. 188. 203. 213. 217. 225. 228
(bis). 233. 243 252 (bis). 253. 256.
261. 263. 267. 269. 270 (bis). 2, 3
(623). 14. 19. 31. 33. 60. 76. 77. 78.
80. 82. 83. 84. 85. 95. 96.97.101.103.
104. 107 (ιη-3). 112 (bis). 114. 118.
120. 124. 128. 134. 135. 138. 140.
142. 153. 158. 160. 167. 174. 175.
183 (522³). 185. 186. 189. 190. 192.
194. 200. 207. 211. 216. A 2. 11.
14. .15. 16. 17. 19. 23. 24. 39. 42.
44. 52. 56. 57. 62. 66. 69. 72 (bis).
73. 78. 81. 82. 84 (523). 85 (bis). 95.
96 (bis). 97. 100. 110. 116.125. 127.
137. 142. 145. 148. 149. 153. 154.
157. 158. 159. 160. 162. 165. 167.
170. 181. 190. 195. 196. 197 (bie).
199. 200. 204. 207. 208. 214. 217.
218. 221. 223. 224 (bis). 228. 230.
234. 237. 248 (bis) 249. 257. 264.
266. 272. 274. 276. 282. 287. 291.
293. 296 306 312. 313. 318. 320.
330. 332. 348. 355. 358. 362. 368.
369. 375 (bis). 383. 388 (bis). 392.
394. 395. 400. 404 (bis). 406. 407.
411. 413. 414. 418. 423 (zm). 432.
435. 439. 441. 444. 445. 454. 457.

